stop_id,stop_code,stop_name,stop_desc,stop_lat,stop_lon,zone_id,stop_url,location_type,parent_station,stop_timezone,wheelchair_boarding,platform_code,level_id
1,,Trojica,,49.00021,21.2393,1,,0,,,0,,
2,,Na Hlavnej,,48.99567,21.242121,1,,0,,,0,,
4,,Čierny most,,48.9897,21.246929,1,,0,,,0,,
7,,Nový Solivar  *,,48.97847,21.251301,1,,0,,,0,,
8,,Košická  *,,48.973,21.25285,1,,0,,,0,,
9,,ZVL  *,,48.968601,21.251499,1,,0,,,0,,
10,,Čistička  *,,48.96526,21.247419,1,,0,,,0,,
11,,Priecestie  *,,48.957371,21.24115,2,,0,,,0,,
12,,Lemešianska  *,,48.955608,21.240761,2,,0,,,0,,
13,,Haniska,,48.9533,21.241261,2,,0,,,0,,
14,,Petrovianska  *,,48.959332,21.256861,1,,0,,,0,,
16,,Logistické centrum  *,,48.95113,21.26199,1,,0,,,0,,
17,,Rázc.Záborské  *,,48.947079,21.28793,2,,0,,,0,,
18,,Záborské-stred  *,,48.944809,21.289391,2,,0,,,0,,
19,,Záborské,,48.942421,21.287849,2,,0,,,0,,
20,,Jilemnického  *,,48.976349,21.246,1,,0,,,0,,
21,,Budovateľská,,48.97665,21.24436,1,,0,,,0,,
22,,Pekárne  *,,48.979279,21.24415,1,,0,,,0,,
23,,Priemyselné centrum  *,,48.981861,21.24366,1,,0,,,0,,
24,,Štúrova  *,,48.98608,21.24292,1,,0,,,0,,
25,,Škultétyho,,48.98661,21.24173,1,,0,,,0,,
27,,Pod Kamennou baňou  *,,48.983521,21.23291,1,,0,,,0,,
28,,Vajanského  *,,49.00164,21.24275,1,,0,,,0,,
29,,Horárska  *,,48.986099,21.226151,1,,0,,,0,,
30,,Hôrka  *,,48.98328,21.21771,1,,0,,,0,,
31,,Za Kalváriou,,48.98122,21.217279,1,,0,,,0,,
32,,Zimný štadión  *,,48.987511,21.229561,1,,0,,,0,,
33,,Pod Kalváriou  *,,48.990959,21.229679,1,,0,,,0,,
34,,Záhradkárska osada  *,,48.985668,21.221109,1,,0,,,0,,
35,,Železničná stanica,,48.984299,21.249901,1,,0,,,0,,
36,,Sibírska,,49.001011,21.27244,1,,0,,,0,,
37,,Lesnícka,,48.978828,21.263729,1,,0,,,0,,
38,,Pavla Horova,,48.98373,21.26354,1,,0,,,0,,
39,,Martina Benku,,48.987011,21.26433,1,,0,,,0,,
40,,Jurkovičova,,48.9939,21.26737,1,,0,,,0,,
41,,Karpatská,,48.996159,21.26919,1,,0,,,0,,
42,,Nižné lúky  *,,48.993141,21.258631,1,,0,,,0,,
43,,Pod Táborom  *,,48.992062,21.252501,1,,0,,,0,,
44,,Laca Novomeského,,48.990238,21.26689,1,,0,,,0,,
45,,Vansovej,,48.992039,21.27113,1,,0,,,0,,
46,,Pod Šalgovíkom,,48.993561,21.275579,1,,0,,,0,,
48,,Hruny  *,,48.9949,21.281811,1,,0,,,0,,
49,,Sordok  *,,49.044369,21.21644,2,,0,,,0,,
50,,Šalgovík  *,,48.996868,21.28735,1,,0,,,0,,
51,,Kysucká  *,,48.98455,21.27298,1,,0,,,0,,
52,,Kukučínova  *,,48.981419,21.2743,1,,0,,,0,,
53,,Solivarská  *,,48.977409,21.265249,1,,0,,,0,,
54,,Bohúňova  *,,48.978828,21.27121,1,,0,,,0,,
55,,Múzeum Solivar *,,48.979439,21.274229,1,,0,,,0,,
56,,Solivar,,48.978168,21.276899,1,,0,,,0,,
57,,Soľnobanská  *,,48.982101,21.279619,1,,0,,,0,,
58,,Rázc.Teriakovce  *,,48.991119,21.301769,2,,0,,,0,,
59,,OcÚ Teriakovce  *,,48.990631,21.3088,2,,0,,,0,,
60,,Teriakovce,,48.98999,21.311769,2,,0,,,0,,
61,,Lomnická,,48.974091,21.261721,1,,0,,,0,,
62,,Švábska,,48.97126,21.258511,1,,0,,,0,,
64,,Pionierska  *,,48.96907,21.25704,1,,0,,,0,,
65,,Jesenná  *,,48.96674,21.25635,1,,0,,,0,,
66,,Jelšová  *,,48.96315,21.25848,1,,0,,,0,,
67,,Delňa,,48.960781,21.260281,1,,0,,,0,,
68,,Pri zámočku  *,,48.977829,21.319241,2,,0,,,0,,
69,,Na Záhumní  *,,48.977779,21.32408,2,,0,,,0,,
70,,Hulica  *,,48.979351,21.327801,2,,0,,,0,,
71,,Ruská Nová Ves,,48.978149,21.333401,2,,0,,,0,,
72,,Záhradky  *,,48.981461,21.288601,1,,0,,,0,,
73,,Cintorín Solivar *,,48.974319,21.269199,1,,0,,,0,,
74,,Na brehu  *,,48.973301,21.273701,1,,0,,,0,,
76,,Zlatobanská  *,,48.970249,21.278851,1,,0,,,0,,
77,,Nižná Šebastová,,49.024799,21.286221,1,,0,,,0,,
78,,Duklianska  *,,49.003181,21.243349,1,,0,,,0,,
79,,Rázcestie Kúty  *,,49.008041,21.24972,1,,0,,,0,,
80,,Dopravný podnik  *,,49.010818,21.258289,1,,0,,,0,,
81,,Šarišské Lúky  *,,49.01791,21.271879,1,,0,,,0,,
82,,Vranovská  *,,49.021061,21.27623,1,,0,,,0,,
83,,Pažica  *,,49.022999,21.28089,1,,0,,,0,,
84,,Nová  *,,49.025108,21.27935,1,,0,,,0,,
85,,Fintická  *,,49.02766,21.27976,1,,0,,,0,,
86,,Išľa  *,,49.031898,21.28043,1,,0,,,0,,
87,,Gribľovec  *,,49.040279,21.283541,2,,0,,,0,,
88,,Ihrisko  *,,49.04673,21.284769,2,,0,,,0,,
89,,Červený mostík  *,,49.048908,21.284969,2,,0,,,0,,
90,,Nám. J.Kolarčíka  *,,49.051861,21.2866,2,,0,,,0,,
91,,V kopci  *,,49.055191,21.28318,2,,0,,,0,,
92,,Fintice,,49.060001,21.28196,2,,0,,,0,,
93,,Šebastovská  *,,49.01963,21.276649,1,,0,,,0,,
94,,Domašská  *,,49.014938,21.271219,1,,0,,,0,,
95,,Kalinčiakova  *,,49.012531,21.270519,1,,0,,,0,,
99,,Ľubotice  *,,49.011688,21.273569,1,,0,,,0,,
100,,Ľubochnianska  *,,49.01712,21.266199,1,,0,,,0,,
101,,Strojnícka  *,,49.02021,21.265989,1,,0,,,0,,
102,,Družstevná  *,,49.022942,21.26651,1,,0,,,0,,
103,,Širpo,,49.025082,21.267111,1,,0,,,0,,
104,,K Surdoku  *,,49.008598,21.24827,1,,0,,,0,,
105,,Pod Šibeňou  *,,49.01075,21.24745,1,,0,,,0,,
106,,Koryto  *,,49.014648,21.248039,1,,0,,,0,,
107,,Rybníčky  *,,49.019482000000004,21.250389,1,,0,,,0,,
108,,Kúty  *,,49.022499,21.25264,1,,0,,,0,,
110,,Slanská  *,,49.021019,21.27952,1,,0,,,0,,
112,,Pod nadjazdom  *,,49.012642,21.26696,1,,0,,,0,,
113,,Kpt. Nálepku  *,,48.99263,21.246861,1,,0,,,0,,
115,,"Šafárikova, cintorín  *",,49.004299,21.246401,1,,0,,,0,,
116,,Detská nemocnica,,48.998199,21.25106,1,,0,,,0,,
117,,Fakultná nemocnica,,48.996399,21.252501,1,,0,,,0,,
118,,Dilongova  *,,48.999561,21.24794,1,,0,,,0,,
119,,Sládkovičova  *,,48.997501,21.2484,1,,0,,,0,,
120,,Moyzesova  *,,48.99522,21.250179,1,,0,,,0,,
121,,Lesík delostrelcov  *,,48.992451,21.24963,1,,0,,,0,,
122,,Plachty  *,,49.026772,21.257971,1,,0,,,0,,
123,,Za Kútami  *,,49.0257,21.25322,1,,0,,,0,,
124,,Surdok,,49.034451,21.258209,1,,0,,,0,,
126,,"Sabinovská, futbal aréna",,49.006592,21.238291,1,,0,,,0,,
127,,Mičurinova  *,,49.011719,21.236931,1,,0,,,0,,
128,,Pod Skalkou  *,,49.015499,21.236589,1,,0,,,0,,
129,,Rázc.Šidlovec  *,,49.020531,21.23595,1,,0,,,0,,
130,,Dúbrava  *,,49.02491,21.232121,1,,0,,,0,,
133,,Pivovar  *,,49.0434,21.20892,2,,0,,,0,,
134,,Staničná  *,,49.042011,21.203871,2,,0,,,0,,
135,,Medulienka   *,,49.039249,21.19939,2,,0,,,0,,
136,,Varoš  *,,49.039959,21.19083,2,,0,,,0,,
137,,Veľký Šariš,,49.04208,21.188829,2,,0,,,0,,
138,,Tulčícka  *,,49.03421,21.194521,2,,0,,,0,,
139,,Rázcestie Kanaš  *,,49.043819,21.211,2,,0,,,0,,
140,,Kozí rožok  *,,49.047779,21.22411,2,,0,,,0,,
141,,Husí hrb  *,,49.05304,21.232189,2,,0,,,0,,
142,,Pri kostole  *,,49.056801,21.232559,2,,0,,,0,,
143,,Medzi jarkami  *,,49.05827,21.23044,2,,0,,,0,,
144,,Stará škola  *,,49.061241,21.22814,2,,0,,,0,,
145,,Kanaš-Stráže,,49.065868,21.230261,2,,0,,,0,,
146,,Jánošíkova  *,,49.024799,21.237659,1,,0,,,0,,
147,,Severná,,49.024181,21.33679,2,,0,,,0,,
149,,Jahodová  *,,49.032082,21.242729,1,,0,,,0,,
150,,Šidlovec  *,,49.032879,21.24811,1,,0,,,0,,
151,,Futbal Tatran aréna  *,,49.006229,21.237101,1,,0,,,0,,
152,,Jazdecká  *,,49.00951,21.2332,1,,0,,,0,,
153,,Mukačevská  *,,49.011311,21.22447,1,,0,,,0,,
155,,Nám.sv.Jakuba  *,,49.039211,21.194071,2,,0,,,0,,
156,,Poliklinika,,49.000771,21.23315,1,,0,,,0,,
157,,Levočská,,49.001041,21.22307,1,,0,,,0,,
158,,Mýto  *,,49.002399,21.21357,1,,0,,,0,,
159,,Rázc.Cemjata  *,,48.999142,21.204929,1,,0,,,0,,
160,,Telekča  *,,49.001839,21.191481,2,,0,,,0,,
161,,Rázc.Malý Šariš  *,,49.005951,21.179871,2,,0,,,0,,
162,,OcÚ Malý Šariš  *,,49.007999,21.179411,2,,0,,,0,,
163,,Nákupné stredisko  *,,49.009769,21.182249,2,,0,,,0,,
164,,Šľachtiteľská stanica  *,,49.012402,21.18574,2,,0,,,0,,
165,,Malý Šariš,,49.014832,21.18655,2,,0,,,0,,
167,,Vydumanec  *,,48.992809,21.197969,1,,0,,,0,,
168,,Kvašná voda  *,,48.990162,21.191771,1,,0,,,0,,
169,,Zabíjaná  *,,48.98991,21.17915,1,,0,,,0,,
170,,Školské lesy  *,,48.987511,21.176161,1,,0,,,0,,
171,,Cemjata  *,,48.983509,21.17503,1,,0,,,0,,
172,,OcÚ Bzenov  *,,48.948479,21.16473,2,,0,,,0,,
173,,Rázcestie Janov  *,,48.946751,21.16914,2,,0,,,0,,
174,,Bzenov,,48.955139,21.171341,2,,0,,,0,,
175,,Plzenská *,,48.991199,21.248699,1,,0,,,0,,
176,,Októbrová  *,,48.997101,21.22286,1,,0,,,0,,
177,,Centrál  *,,48.998112,21.227079,1,,0,,,0,,
178,,Marka Čulena  *,,48.99942,21.220711,1,,0,,,0,,
179,,Odborárska  *,,48.99662,21.222179,1,,0,,,0,,
180,,Sázavského  *,,48.994362,21.223511,1,,0,,,0,,
181,,Kollárova  *,,48.992451,21.22455,1,,0,,,0,,
182,,SOŠ lesnícka  *,,48.992889,21.229191,1,,0,,,0,,
183,,Ostrovček  *,,48.993912,21.23011,1,,0,,,0,,
184,,Gym.sv.Moniky  *,,48.995152,21.23526,1,,0,,,0,,
185,,Kúpeľná  *,,48.991779,21.23839,1,,0,,,0,,
186,,Pavlovičovo nám.  *,,48.99025,21.24081,1,,0,,,0,,
187,,Clementisova,,49.001659,21.22439,1,,0,,,0,,
188,,Volgogradská,,49.00423,21.221029,1,,0,,,0,,
189,,Nám.Kráľ.pokoja,,49.006672,21.2215,1,,0,,,0,,
190,,VUKOV,,49.010559,21.22221,1,,0,,,0,,
191,,Centrum,,49.017071,21.22348,1,,0,,,0,,
192,,Prostějovská,,49.020939,21.224831,1,,0,,,0,,
194,,Bajkalská,,49.023708,21.22983,1,,0,,,0,,
195,,Obrancov mieru,,48.997181,21.228291,1,,0,,,0,,
196,,Herlianska  *,,49.019249,21.29348,1,,0,,,0,,
198,,Duchnovičovo nám.,,48.993752,21.232491,1,,0,,,0,,
199,,Prešovská univerzita,,48.990398,21.235411,1,,0,,,0,,
200,,Rázcestie Rúrky  *,,49.003479,21.216221,1,,0,,,0,,
201,,Jána Bereša  *,,49.005192,21.21452,1,,0,,,0,,
202,,Na Rúrkach,,49.007702,21.2117,1,,0,,,0,,
203,,Chatky  *,,48.976749,21.17152,1,,0,,,0,,
204,,Rusínska  *,,48.991379,21.260719,1,,0,,,0,,
205,,Sibírska,,49.000839,21.27199,1,,0,,,0,,
206,,Karpatská,,48.99725,21.26997,1,,0,,,0,,
207,,Jurkovičova,,48.994389,21.26829,1,,0,,,0,,
208,,Nižné lúky  *,,48.99305,21.258619,1,,0,,,0,,
209,,Pod Táborom  *,,48.991371,21.25153,1,,0,,,0,,
210,,Lesík delostrelcov  *,,48.992401,21.24954,1,,0,,,0,,
211,,Fakultná nemocnica,,48.996342,21.25268,1,,0,,,0,,
212,,Detská nemocnica,,48.998581,21.25086,1,,0,,,0,,
214,,Duklianska  *,,49.002789,21.24157,1,,0,,,0,,
215,,Trojica,,48.99918,21.23978,1,,0,,,0,,
216,,Na Hlavnej,,48.99601,21.241751,1,,0,,,0,,
217,,Veľká pošta,,48.991531,21.24534,1,,0,,,0,,
218,,Čierny most,,48.98983,21.24662,1,,0,,,0,,
219,,Škultétyho,,48.987511,21.242611,1,,0,,,0,,
220,,Prešovská univerzita,,48.989811,21.23567,1,,0,,,0,,
221,,Duchnovičovo nám.,,48.993382,21.232691,1,,0,,,0,,
222,,Námestie mládeže  *,,48.995491,21.229509,1,,0,,,0,,
223,,Herlianska  *,,49.019329,21.2934,1,,0,,,0,,
224,,Clementisova,,49.001701,21.22402,1,,0,,,0,,
225,,Volgogradská,,49.003502,21.220699,1,,0,,,0,,
226,,Nám.Kráľ.pokoja,,49.007,21.221399,1,,0,,,0,,
227,,Kanaš-Stráže,,49.065849,21.230261,2,,0,,,0,,
228,,Stará škola  *,,49.06123,21.228081,2,,0,,,0,,
229,,Medzi jarkami  *,,49.05825,21.230379,2,,0,,,0,,
230,,Pri kostole  *,,49.056702,21.23266,2,,0,,,0,,
231,,Husí hrb  *,,49.05352,21.23222,2,,0,,,0,,
232,,Kozí rožok  *,,49.047859,21.22418,2,,0,,,0,,
233,,Rázcestie Kanaš  *,,49.04298,21.21077,2,,0,,,0,,
236,,Dúbrava  *,,49.024891,21.232121,1,,0,,,0,,
237,,Rázc.Šidlovec  *,,49.021332,21.23514,1,,0,,,0,,
238,,Pod Skalkou  *,,49.014938,21.236629,1,,0,,,0,,
239,,Mičurinova  *,,49.0112,21.236719,1,,0,,,0,,
240,,"Sabinovská, futbal aréna",,49.00563,21.23838,1,,0,,,0,,
241,,Železničná stanica,,48.982948,21.249901,1,,0,,,0,,
242,,Nový Solivar  *,,48.978828,21.251011,1,,0,,,0,,
243,,Košická  *,,48.971371,21.252701,1,,0,,,0,,
244,,ZVL  *,,48.968601,21.251301,1,,0,,,0,,
245,,Petrovianska  *,,48.954979,21.257521,1,,0,,,0,,
247,,Logistické centrum  *,,48.950951,21.26252,1,,0,,,0,,
248,,Rázc.Záborské  *,,48.947021,21.28787,2,,0,,,0,,
249,,Záborské-stred  *,,48.94487,21.28932,2,,0,,,0,,
250,,Záborské,,48.942429,21.28776,2,,0,,,0,,
251,,Kúty  *,,49.022381,21.252411,1,,0,,,0,,
252,,Rybníčky  *,,49.01944,21.25029,1,,0,,,0,,
253,,Koryto  *,,49.014481,21.247869,1,,0,,,0,,
254,,Pod Šibeňou  *,,49.01062,21.2474,1,,0,,,0,,
255,,K Surdoku  *,,49.00869,21.248159,1,,0,,,0,,
256,,Pri lipe  *,,49.058071,21.2822,2,,0,,,0,,
257,,Pavlovičovo nám.  *,,48.990139,21.240931,1,,0,,,0,,
258,,Kúpeľná  *,,48.99218,21.23604,1,,0,,,0,,
260,,Ostrovček  *,,48.993431,21.230511,1,,0,,,0,,
261,,SOŠ lesnícka  *,,48.992729,21.2288,1,,0,,,0,,
262,,Kollárova  *,,48.992149,21.224649,1,,0,,,0,,
263,,Sázavského  *,,48.994289,21.22344,1,,0,,,0,,
264,,Odborárska  *,,48.997082,21.221889,1,,0,,,0,,
265,,Marka Čulena  *,,48.999741,21.22047,1,,0,,,0,,
269,,Kpt. Nálepku  *,,48.992611,21.246861,1,,0,,,0,,
270,,Chalupkova  *,,48.97044,21.255159,1,,0,,,0,,
271,,Švábska,,48.97139,21.259159,1,,0,,,0,,
272,,Lomnická,,48.97435,21.262409,1,,0,,,0,,
273,,Lesnícka,,48.979359,21.264,1,,0,,,0,,
274,,Pavla Horova,,48.98381,21.26388,1,,0,,,0,,
275,,Laca Novomeského,,48.989601,21.26741,1,,0,,,0,,
276,,Martina Benku,,48.98724,21.264759,1,,0,,,0,,
277,,Kysucká  *,,48.984371,21.27285,1,,0,,,0,,
278,,Kukučínova  *,,48.981369,21.27426,1,,0,,,0,,
279,,Solivar,,48.97834,21.27684,1,,0,,,0,,
281,,Šidlovec  *,,49.032879,21.24814,1,,0,,,0,,
282,,Stavbárska  *,,49.033058,21.241791,1,,0,,,0,,
283,,Severná,,49.024181,21.336769,2,,0,,,0,,
284,,Jánošíkova  *,,49.026402,21.23794,1,,0,,,0,,
286,,Pod Kamennou baňou  *,,48.983459,21.233879,1,,0,,,0,,
288,,Horárska  *,,48.986179,21.226061,1,,0,,,0,,
289,,Jilemnického  *,,48.976269,21.24547,1,,0,,,0,,
290,,Pekárne  *,,48.978958,21.24407,1,,0,,,0,,
291,,Priemyselné centrum  *,,48.982899,21.24334,1,,0,,,0,,
292,,Štúrova  *,,48.985401,21.242889,1,,0,,,0,,
293,,Malý Šariš,,49.014919,21.186489,2,,0,,,0,,
294,,Šľachtiteľská stanica  *,,49.012409,21.18565,2,,0,,,0,,
295,,Nákupné stredisko  *,,49.009781,21.182119,2,,0,,,0,,
296,,OcÚ Malý Šariš  *,,49.008018,21.1793,2,,0,,,0,,
297,,Rázc.Malý Šariš  *,,49.004429,21.18117,2,,0,,,0,,
298,,Telekča  *,,49.00164,21.1917,2,,0,,,0,,
299,,Rázc.Cemjata  *,,48.997959,21.20365,1,,0,,,0,,
300,,Mýto  *,,49.00243,21.21542,1,,0,,,0,,
301,,Levočská,,49.00045,21.224159,1,,0,,,0,,
302,,Poliklinika,,49.0009,21.236099,1,,0,,,0,,
303,,Čistička  *,,48.964722,21.24651,1,,0,,,0,,
304,,Priecestie  *,,48.957432,21.241051,2,,0,,,0,,
305,,Lemešianska  *,,48.95557,21.2407,2,,0,,,0,,
306,,Haniska,,48.95327,21.241199,2,,0,,,0,,
307,,Veľký Šariš,,49.041382,21.189529,2,,0,,,0,,
308,,Varoš  *,,49.039169,21.191231,2,,0,,,0,,
309,,Tulčícka  *,,49.03373,21.194269,2,,0,,,0,,
310,,Surdok,,49.034431,21.258209,1,,0,,,0,,
311,,Plachty  *,,49.027168,21.25766,1,,0,,,0,,
312,,Za Kútami  *,,49.0256,21.25318,1,,0,,,0,,
313,,Za Kalváriou,,48.981339,21.217211,1,,0,,,0,,
314,,Hôrka  *,,48.98328,21.21763,1,,0,,,0,,
315,,Záhradkárska osada  *,,48.985722,21.221109,1,,0,,,0,,
316,,Zimný štadión  *,,48.987839,21.22921,1,,0,,,0,,
319,,Centrál  *,,48.997952,21.22678,1,,0,,,0,,
320,,Grešova  *,,48.993172,21.245529,1,,0,,,0,,
321,,Na Rúrkach,,49.007801,21.21154,1,,0,,,0,,
322,,Jána Bereša  *,,49.004921,21.21489,1,,0,,,0,,
323,,Rázcestie Rúrky  *,,49.00309,21.216431,1,,0,,,0,,
324,,Vansovej,,48.99184,21.271299,1,,0,,,0,,
325,,Pod Šalgovíkom,,48.993408,21.275311,1,,0,,,0,,
326,,Hruny  *,,48.995201,21.28393,1,,0,,,0,,
327,,Sekčovská  *,,48.99403,21.27887,1,,0,,,0,,
328,,Sordok  *,,49.04427,21.216709,2,,0,,,0,,
329,,Šalgovík  *,,48.9963,21.28764,1,,0,,,0,,
330,,Divadlo J. Záborského,,48.993301,21.244101,1,,0,,,0,,
331,,Za traťou  *,,49.037048,21.28219,1,,0,,,0,,
332,,ZŠ Prostějovská,,49.015511,21.224079,1,,0,,,0,,
333,,Šalgovická  *,,49.012039,21.279449,1,,0,,,0,,
334,,Ľubotice  *,,49.011711,21.273569,1,,0,,,0,,
335,,Korabinského  *,,49.01313,21.28083,1,,0,,,0,,
336,,Jána Kostru  *,,49.013451,21.27672,1,,0,,,0,,
338,,Šebastovská  *,,49.02021,21.277,1,,0,,,0,,
339,,Vranovská  *,,49.02132,21.276279,1,,0,,,0,,
340,,Šarišské Lúky  *,,49.018028,21.271629,1,,0,,,0,,
341,,Dopravný podnik  *,,49.01062,21.257,1,,0,,,0,,
342,,Rázcestie Kúty  *,,49.008461,21.250219,1,,0,,,0,,
343,,Širpo,,49.025101,21.267111,1,,0,,,0,,
344,,Družstevná  *,,49.022949,21.26643,1,,0,,,0,,
345,,Strojnícka  *,,49.020088,21.26586,1,,0,,,0,,
346,,Ľubochnianska  *,,49.01712,21.26609,1,,0,,,0,,
348,,Pažica  *,,49.023659,21.28203,1,,0,,,0,,
350,,Nám.sv.Jakuba  *,,49.039059,21.193859,2,,0,,,0,,
351,,Medulienka   *,,49.03912,21.199539,2,,0,,,0,,
352,,Staničná  *,,49.041969,21.204041,2,,0,,,0,,
353,,Pivovar  *,,49.043369,21.20919,2,,0,,,0,,
354,,Pionierska  *,,48.968819,21.256781,1,,0,,,0,,
355,,Jesenná  *,,48.964401,21.2568,1,,0,,,0,,
356,,Jelšová  *,,48.9622,21.25873,1,,0,,,0,,
357,,Delňa,,48.96051,21.260111,1,,0,,,0,,
358,,Rázc. Cemjata  *,,48.999142,21.20495,1,,0,,,0,,
359,,ZŠ V.Šariš,,49.041649,21.20084,2,,0,,,0,,
360,,Prostějovská,,49.020729,21.224421,1,,0,,,0,,
361,,VUKOV,,49.012169,21.222361,1,,0,,,0,,
362,,Mukačevská  *,,49.011028,21.22625,1,,0,,,0,,
363,,Jazdecká  *,,49.008739,21.23325,1,,0,,,0,,
364,,Fintice,,49.060001,21.281931,2,,0,,,0,,
365,,V kopci  *,,49.055069,21.283171,2,,0,,,0,,
366,,Nám. J.Kolarčíka  *,,49.051441,21.286699,2,,0,,,0,,
367,,Červený mostík  *,,49.049099,21.28507,2,,0,,,0,,
368,,Ihrisko  *,,49.04681,21.28467,2,,0,,,0,,
369,,Gribľovec  *,,49.04026,21.28344,2,,0,,,0,,
370,,Išľa  *,,49.031921,21.280371,1,,0,,,0,,
371,,Fintická  *,,49.029308,21.279961,1,,0,,,0,,
372,,Nová  *,,49.026531,21.279499,1,,0,,,0,,
373,,Hulica  *,,48.979198,21.327681,2,,0,,,0,,
374,,Na Záhumní  *,,48.97784,21.32427,2,,0,,,0,,
375,,Pri zámočku  *,,48.97776,21.319071,2,,0,,,0,,
376,,Záhradky  *,,48.981201,21.28886,1,,0,,,0,,
378,,Múzeum Solivar *,,48.97953,21.27483,1,,0,,,0,,
379,,Bohúňova  *,,48.978748,21.27125,1,,0,,,0,,
380,,Solivarská  *,,48.97739,21.266491,1,,0,,,0,,
383,,Za traťou  *,,49.036991,21.282049,1,,0,,,0,,
384,,Sídlisko III,,49.02335,21.22843,1,,0,,,0,,
385,,Centrum,,49.016769,21.22323,1,,0,,,0,,
387,,Budovateľská,,48.976391,21.24453,1,,0,,,0,,
388,,Nižná Šebastová,,49.024849,21.286579,1,,0,,,0,,
389,,Teriakovce,,48.989868,21.311781,2,,0,,,0,,
390,,OcÚ Teriakovce  *,,48.99057,21.3088,2,,0,,,0,,
391,,Rázc.Teriakovce  *,,48.99102,21.302071,2,,0,,,0,,
394,,Na brehu  *,,48.973099,21.274599,1,,0,,,0,,
395,,Cintorín Solivar *,,48.97435,21.26902,1,,0,,,0,,
396,,Bzenov,,48.955151,21.171261,2,,0,,,0,,
397,,Rázcestie Janov  *,,48.94733,21.1689,2,,0,,,0,,
398,,OcÚ Bzenov  *,,48.9478,21.165529,2,,0,,,0,,
399,,Chatky  *,,48.976219,21.1714,1,,0,,,0,,
400,,Cemjata  *,,48.983799,21.17528,1,,0,,,0,,
401,,Školské lesy  *,,48.98748,21.1763,1,,0,,,0,,
402,,Zabíjaná  *,,48.989899,21.17993,1,,0,,,0,,
403,,Kvašná voda  *,,48.99007,21.19174,1,,0,,,0,,
404,,Vydumanec  *,,48.992729,21.197969,1,,0,,,0,,
406,,Čertov kameň  *,,48.97998,21.173929,1,,0,,,0,,
407,,Čertov kameň  *,,48.979778,21.17392,1,,0,,,0,,
408,,Garáž,,49.013351,21.26115,1,,0,,,0,,
410,,Hinrichs,,49.009289,21.2679,1,,0,,,0,,
414,,ZŠ Ľubotice,,49.017731,21.27927,1,,0,,,0,,
415,,Pod Hrádkom  *,,48.97213,21.278061,1,,0,,,0,,
416,,Pod Hrádkom  *,,48.97197,21.27824,1,,0,,,0,,
417,,HOBBY PARK *,,48.991341,21.25606,1,,0,,,0,,
418,,Strážnická  *,,49.01762,21.277411,1,,0,,,0,,
419,,Nižnianska  *,,49.01162,21.267639,1,,0,,,0,,
420,,SPINEA-Záturecká,,48.953548,21.250759,1,,0,,,0,,
422,,Bajkalská,,49.023548,21.22991,1,,0,,,0,,
423,,Ruská Nová Ves,,48.978069,21.33353,2,,0,,,0,,
425,,Dúbrava  *,,49.024891,21.23214,1,,0,,,0,,
427,,Kalinčiakova  *,,49.01173,21.27025,1,,0,,,0,,
429,,Malý Šariš,,49.014832,21.18652,2,,0,,,0,,
430,,Sídlisko III,,49.02351,21.228979,1,,0,,,0,,
432,,Pod Šalgovíkom,,48.993389,21.275311,1,,0,,,0,,
433,,Cemjata  *,,48.983509,21.17503,1,,0,,,0,,
438,,Gemor  *,,48.96727,21.249929,1,,0,,,0,,
440,,Gemor  *,,48.9673,21.2498,1,,0,,,0,,
441,,Sídlisko III,,49.023331,21.228411,1,,0,,,0,,
442,,Obrancov mieru,,48.997162,21.228291,1,,0,,,0,,
444,,Detská nemocnica,,48.9986,21.25086,1,,0,,,0,,
446,,Fakultná nemocnica,,48.996361,21.25268,1,,0,,,0,,
448,,Trojica,,49.00021,21.23933,1,,0,,,0,,
449,,Trojica,,48.999352,21.239679,1,,0,,,0,,
450,,Železničná stanica,,48.983002,21.249901,1,,0,,,0,,
452,,Dopravný podnik  *,,49.010849,21.25831,1,,0,,,0,,
454,,Švábska,,48.971241,21.258511,1,,0,,,0,,
456,,Na Hlavnej,,48.99601,21.24173,1,,0,,,0,,
457,,Čierny most,,48.989719,21.246929,1,,0,,,0,,
458,,Čierny most,,48.989811,21.24662,1,,0,,,0,,
462,,Októbrová  *,,48.997059,21.22304,1,,0,,,0,,
467,,Železničná stanica,,48.984322,21.249901,1,,0,,,0,,
468,,Suvorovova  *,,48.976398,21.26635,1,,0,,,0,,
469,,Suvorovova  *,,48.976269,21.265739,1,,0,,,0,,
470,,Eperia,,48.99007,21.263189,1,,0,,,0,,
474,,Veľká pošta,,48.991531,21.24534,1,,0,,,0,,
478,,Soľnobanská.  *,,48.982101,21.2796,1,,0,,,0,,
479,,Soľnobanská.  *,,48.982079,21.279869,1,,0,,,0,,
480,,Bardejovská  *,,49.017891,21.275539,1,,0,,,0,,
482,,Obrancov mieru,,48.99807,21.228081,1,,0,,,0,,
484,,Rusínska  *,,48.99136,21.26272,1,,0,,,0,,
493,,Kamenná  *,,48.996479,21.284691,1,,0,,,0,,
497,,Nižnianska  *,,49.011681,21.26745,1,,0,,,0,,
503,,Vyšné lúky  *,,48.993099,21.26572,1,,0,,,0,,
504,,Slávičia   *,,48.98608,21.227539,1,,0,,,0,,
505,,Slávičia   *,,48.986309,21.227079,1,,0,,,0,,
506,,Nižná Šebastová,,49.024799,21.2862,1,,0,,,0,,
507,,Slávik *,,49.0196,21.28476,1,,0,,,0,,
509,,Rázc. Cemjata  *,,48.997959,21.203621,1,,0,,,0,,
511,,Veterinárna nemocnica  *,,49.020889,21.231649,1,,0,,,0,,
512,,Veterinárna nemocnica  *,,49.021,21.232,1,,0,,,0,,
515,,Terchovská,,48.988689,21.215639,1,,0,,,0,,
516,,Súľovská  *,,48.988468,21.221251,1,,0,,,0,,
519,,Priečne  *,,48.989391,21.30258,2,,0,,,0,,
521,,Borkút,,48.958641,21.23621,1,,0,,,0,,
522,,Borkút,,48.958679,21.23621,1,,0,,,0,,
523,,Pod Wilec.hôrkou  *,,48.971901,21.24379,1,,0,,,0,,
524,,Pod Wilec.hôrkou  *,,48.971821,21.243771,1,,0,,,0,,
525,,Wilecova hôrka  *,,48.968021,21.244169,1,,0,,,0,,
526,,Wilecova hôrka  *,,48.96814,21.24416,1,,0,,,0,,
527,,Dúbravská  *,,49.031078,21.23572,1,,0,,,0,,
528,,Pri kaplnke  *,,49.028679,21.234871,1,,0,,,0,,
532,,Kamenná baňa  *,,48.96312,21.239759,1,,0,,,0,,
533,,Kamenná baňa  *,,48.96312,21.2397,1,,0,,,0,,
534,,Dúbrava. *,,49.02499,21.232349,1,,0,,,0,,
535,,Škára *,,48.981998,21.255581,1,,0,,,0,,
536,,Škára *,,48.981319,21.256599,1,,0,,,0,,
538,,Šariš park *,,49.040939,21.21315,2,,0,,,0,,
539,,Šariš park *,,49.04092,21.21315,2,,0,,,0,,
540,,Okružná  *,,48.993519,21.239969,1,,0,,,0,,
541,,Okružná  *,,48.993519,21.24,1,,0,,,0,,
542,,Okružná  *,,48.993179,21.240219,1,,0,,,0,,
543,,Floriánova  *,,48.997219,21.23609,1,,0,,,0,,
544,,Floriánova  *,,48.996342,21.236959,1,,0,,,0,,
550,,Labutia  *,,48.99205,21.288521,1,,0,,,0,,
551,,Labutia  *,,48.992249,21.288549,1,,0,,,0,,
552,,Šalgovík  *,,48.9963,21.287621,1,,0,,,0,,
553,,Na Kruhu  *,,48.990799,21.304411,2,,0,,,0,,
554,,Na Kruhu  *,,48.990849,21.30456,2,,0,,,0,,
556,,Pred Surdokom  *,,49.03109,21.255831,1,,0,,,0,,
557,,Pred Surdokom  *,,49.03075,21.25577,1,,0,,,0,,
559,,Garrett,,48.956081,21.26755,1,,0,,,0,,
560,,Garrett,,48.956009,21.26828,1,,0,,,0,,
562,,Hviezdna,,49.002529,21.252331,1,,0,,,0,,
563,,Vodárenská  *,,49.002441,21.24893,1,,0,,,0,,
565,,Lomnická,,48.974098,21.26169,1,,0,,,0,,
566,,Garrett,,48.956009,21.268299,1,,0,,,0,,
567,,Chalupkova  *,,48.97057,21.255369,1,,0,,,0,,
568,,Terchovská,,48.988689,21.21566,1,,0,,,0,,
569,,Súľovská  *,,48.988441,21.222099,1,,0,,,0,,
570,,Hviezdna,,49.00251,21.252331,1,,0,,,0,,
571,,Vodárenská  *,,49.002369,21.24935,1,,0,,,0,,
572,,Ku Brezinám  *,,48.98711,21.22492,1,,0,,,0,,
573,,Ku Brezinám  *,,48.987202,21.22488,1,,0,,,0,,
574,,Šidlovská  *,,49.030201,21.240749,1,,0,,,0,,
575,,Šidlovská  *,,49.030102,21.24065,1,,0,,,0,,
576,,Šidlovská  *,,49.030029,21.240431,1,,0,,,0,,
577,,Vyšná Šebastová  *,,49.008499,21.33765,2,,0,,,0,,
578,,Vyšná Šebastová  *,,49.008518,21.33749,2,,0,,,0,,
579,,Pod Maglovcom  *,,49.011902,21.33193,2,,0,,,0,,
580,,Pod Maglovcom  *,,49.011971,21.330999,2,,0,,,0,,
581,,OcÚ Vyšná Šebastová *,,49.01479,21.326111,2,,0,,,0,,
582,,OcÚ Vyšná Šebastová *,,49.014671,21.326281,2,,0,,,0,,
583,,Rázc. V. Šebastová *,,49.01683,21.320419,2,,0,,,0,,
584,,Rázc. V. Šebastová *,,49.016788,21.320391,2,,0,,,0,,
585,,Kamence  *,,49.01749,21.316999,2,,0,,,0,,
586,,Kamence  *,,49.017441,21.31707,2,,0,,,0,,
587,,Kapanoš  *,,49.02309,21.328489,2,,0,,,0,,
588,,Kapanoš  *,,49.02301,21.328501,2,,0,,,0,,
589,,Severná - kostol *,,49.024899,21.333,2,,0,,,0,,
590,,Severná - kostol *,,49.02483,21.333019,2,,0,,,0,,
594,,Limbová  *,,49.022129,21.28602,1,,0,,,0,,
596,,Obrancov mieru,,48.998051,21.228081,1,,0,,,0,,
598,,Vyšné lúky  *,,48.993118,21.264771,1,,0,,,0,,
601,,Divadlo J. Záborského,,48.993328,21.244101,1,,0,,,0,,
602,,Poliklinika,,48.999821,21.23517,1,,0,,,0,,
603,,Pri lipe  *,,49.058231,21.282339,2,,0,,,0,,
604,,Budovateľská,,48.977299,21.244499,1,,0,,,0,,
605,,Andreja Sládkoviča *,,49.04438,21.2026,2,,0,,,0,,
608,,Gener. Ambruša *,,49.02116,21.28825,1,,0,,,0,,
609,,Gener. Ambruša *,,49.021358,21.288111,1,,0,,,0,,
610,,Gbolovky *,,49.020241,21.32242,2,,0,,,0,,
611,,SPINEA-Záturecká,,48.953609,21.249331,1,,0,,,0,,
614,,Vodná,,49.03138,21.27985,1,,0,,,0,,
615,,Potočná,,49.02795,21.27845,1,,0,,,0,,
617,,Valkovská  *,,48.9753,21.277599,1,,0,,,0,,
618,,Valkovská  *,,48.975399,21.277361,1,,0,,,0,,
626,,Šalgovia  *,,48.9916,21.2918,2,,0,,,0,,
627,,Malá stanica *,,48.995022,21.23365,1,,0,,,0,,
628,,Solivar,,48.977871,21.27706,1,,0,,,0,,
629,,Solivar,,48.97823,21.277229,1,,0,,,0,,
630,,Vlčie doly  *,,48.962471,21.28508,2,,0,,,0,,
631,,Vlčie doly  *,,48.962662,21.28492,2,,0,,,0,,
632,,Dulova Ves - kostol *,,48.955608,21.300501,2,,0,,,0,,
633,,Dulova Ves - kostol *,,48.955681,21.30052,2,,0,,,0,,
634,,Dulova Ves,,48.952099,21.30617,2,,0,,,0,,
635,,Dulova Ves,,48.952099,21.30619,2,,0,,,0,,
636,,Šalgovia  *,,48.991501,21.29215,2,,0,,,0,,
643,,Gbolovky *,,49.01963,21.321621,2,,0,,,0,,
644,,Športový areál *,,49.010872,21.333719,2,,0,,,0,,
645,,Športový areál *,,49.010921,21.333799,2,,0,,,0,,
646,,Briežky  *,,49.019539,21.312889,2,,0,,,0,,
647,,Briežky  *,,49.019581,21.313061,2,,0,,,0,,
654,,Nižný koniec  *,,49.005081,21.344931,2,,0,,,0,,
655,,Nižný koniec  *,,49.005161,21.34495,2,,0,,,0,,
656,,Podhradík,,49.00359,21.348841,2,,0,,,0,,
658,,Podhradík,,49.00354,21.348709,2,,0,,,0,,
661,,Petöfiho pamätník  *,,48.97427,21.241949,1,,0,,,0,,
